// Gmsh project created on Wed Nov 20 13:53:58 2019
SetFactory("OpenCASCADE");
Point(1)={7.071068e-02,7.071068e-02,0,1};
Point(2)={5.874879e-02,5.910234e-02,0,1};
Point(3)={2.928601e-02,2.963956e-02,0,1};
Point(4)={-1.767767e-04,1.767767e-04,0,1};
Point(5)={-2.963956e-02,-2.928601e-02,0,1};
Point(6)={-5.910234e-02,-5.874879e-02,0,1};
Point(7)={-7.071068e-02,-7.071068e-02,0,1};
Point(8)={-5.874879e-02,-5.910234e-02,0,1};
Point(9)={-2.928601e-02,-2.963956e-02,0,1};
Point(10)={1.767767e-04,-1.767767e-04,0,1};
Point(11)={2.963956e-02,2.928601e-02,0,1};
Point(12)={5.910234e-02,5.874879e-02,0,1};
Line(1) = {1,2};
Line(2) = {2,3};
Line(3) = {3,4};
Line(4) = {4,5};
Line(5) = {5,6};
Line(6) = {6,7};
Line(7) = {7,8};
Line(8) = {8,9};
Line(9) = {9,10};
Line(10) = {10,11};
Line(11) = {11,12};
Line(12) = {12,1};


Point(13) = {-1, -1, 0, 1.0};
Point(14) = {1, -1, 0, 1.0};
Point(15) = {1, 1, 0, 1.0};
Point(16) = {-1, 1, 0, 1.0};

//+
Line(13) = {13, 14};
//+
Line(14) = {14, 15};
//+
Line(15) = {15, 16};
//+
Line(16) = {16, 13};
//+
Curve Loop(1) = {15, 16, 13, 14};
//+
Curve Loop(2) = {4, 5, 6, 7, 8, 9, 10, 11, 12, 1, 2, 3};
//+
Plane Surface(1) = {1, 2};
